Normal, 1. 0. 0. 0. 1. 0. 0. 0. 1.;
RcGcBc_RnGnBn, 0.842 0.156 0.091 -0.129 1.32 -0.203 0.008 -0.069 0.897;
RnGnBn_RcGcBc, 1.16675 -0.1458 -0.15136 0.11377 0.75243 0.15874 -0.00165 0.05918 1.12839;
RnGnBn_RsGsBs, 1.609 -0.447 -0.104 -0.058 0.977 0.051 -0.025 -0.037 1.162;
RsGsBs_RnGnBn, 0.63268 0.29113 0.04385 0.03679 1.03877 -0.0423 0.01478 0.03934 0.86018;
RnGnBn_XYZ, 0.607 0.174 0.201 0.299 0.587 0.114 0. 0.066 1.117;
XYZ_RnGnBn, 1.91036 -0.53375 -0.28929 -0.98438  1.99838 -0.02682 0.05816 -0.11808 0.89684; 
RcGcBc_XYZ, 0.49000  0.31000  0.20000 0.17700  0.81200  0.01100 0.00000  0.01000  0.99000;
XYZ_RcGcBc, 2.36486 -0.89708 -0.46778  -0.51556  1.42727  0.08830 0.00521 -0.01442  1.00921; 
RnGnBn_UVW, 0.40500  0.11600  0.13300 0.29900 0.58700 0.11400 0.14500 0.82700  0.62700;
UVW_RnGnBn, 2.43104  0.33085 -0.57583 -1.51794  2.08365 -0.05686 1.43993 -2.82480  1.80306;  
RnGnBn_YIQ, 0.29900 0.58700 0.11400 0.59600 -0.27400 -0.32200 0.21100 -0.52300  0.31200;
YIQ_RnGnBn, 1.00000  0.95617  0.62143 1.00000 -0.27269 -0.64681 1.00000 -1.10374  1.70062; 
RnGnBn_YUV, 0.29900  0.58700  0.11400  -0.14800 -0.28900  0.43700 0.61500 -0.51500 -0.10000;
YUV_RnGnBn, 1.00000  0.00000  1.13983 1.00000 -0.39381 -0.58095 1.00000  2.02788  0.00183;
RcGcBc_UVW, 0.32700  0.20700  0.13300 0.17700  0.81300  0.01100 0.02000  1.07100  0.40800;
UVW_RcGcBc, 2.83717  0.51424 -0.93872 -0.63848  1.15958  0.17687 1.53693 -3.06911  2.03272; 
RcGcBc_YIQ, 0.17700  0.81300  0.01100  0.54000 -0.26300 -0.17400 0.24600 -0.67500  0.40400;
YIQ_RcGcBc, 0.87707  1.31687  0.54329 1.02316 -0.26975 -0.14404 1.17543 -1.25256  1.90378; 
XYZ_UVW, 0.66667  0.00000  0.00000 0.00000  1.00000  0.00000 -0.50000  1.50000  0.50000;
UVW_XYZ, 1.50000  0.00000  0.00000 0.00000  1.00000  0.00000 1.50000 -3.00000  2.00000; 
XYZ_YIQ, 0.00000  1.00000  0.00000 1.38957 -0.82765 -0.45385 0.93606 -1.19461  0.23280;
YIQ_XYZ, 0.98201  0.31110  0.60649  1.00001  0.00000  0.00000 1.18301 -1.25088  1.85691; 
UVW_YIQ, 0.00000  1.00000  0.00000  1.40300  0.53400 -0.90700 1.75700 -1.89800  0.47000;
YIQ_UVW, 0.65268  0.20861  0.40257 1.00000  0.00000  0.00000 1.59837 -0.77985  0.62272; 
XYZ_RetinalCone, 0.00000  1.00000  0.00000 -0.46000  1.35900  0.10100 0.00000  0.00000  1.00000;
RetinalCone_XYZ, 2.95435 -2.17391  0.21957 1.00000  0.00000  0.00000 0.00000  0.00000  1.00000;
RnGnBn_IV1V2, 0.57735  0.57735  0.57735 0.00000  0.70711 -0.70711 0.81650 -0.40825 -0.40825;
IV1V2_RnGnBn, 0.57735  0.00000  0.81650 0.57735  0.70711 -0.40825 0.57735 -0.70711 -0.40825;
